000000
000000
000000
000000
000000
000000
000000
000000
010000
000000
001000
000000
010000
000000
100000
000000
010000
000000
100000
000000
010000
000000
100000
000000
010000
000000
001000
000000
000000
010000
000000
100000
000000
010000
000000
100000
000000
010000
000000
100000
000000
010000
000000
001000
000000
000000
010000
000000
100000
000000
010000
000000
100000
000000
010000
000000
100000
000000
010000
000000
000000
001000
000000
010000
000000
100000
000000
010000
000000
100000
000000
010000
000000
100000
000000
000000
010000
000000
001000
000000
010000
000000
100000
000000
010000
000000
100000
000000
010000
000000
100000
000000
010000
000000
001000
000000
010000
000000
100000
000000
010000
000000
100000
000000
010000
000000
100000
000000
010000
000000
001000
000000
010000
000000
100000
000000
010000
000000
100000
000000
010000
000000
100000
000000
010000
000000
001000
000000
000010
000001
000010
000001
000010
000001
000010
000001
000010
000001
000010
000001
000010
000001
000010
010000
001000
000000
010000
000000
100000
000000
010000
000000
100000
000000
010000
000000
100000
000000
010000
000000
001000
000000
000000
010000
000000
100000
000000
010000
000000
100000
000000
010000
000000
100000
000000
010000
000000
001000
000000
000000
010000
000000
100000
000000
010000
000000
100000
000000
010000
000000
100000
000000
010000
001000
000010
000000
000010
000000
000010
000000
000010
000000
000010
000000
000010
000000
000010
000000
000010
010000
001000
000000
010000
000000
100000
000000
010000
000000
100000
000000
010000
000000
100000
000000
010000
000000
001000
000000
000000
010000
000000
100000
000000
010000
000000
100000
000000
010000
000000
100000
000000
010000
000000
001000
000000
000000
010000
000000
100000
000000
010000
000000
100000
000000
010000
000000
100000
000000
010000
001000
000010
000000
000010
000000
000010
000000
000010
000000
000010
000000
000010
000000
000010
000000
000010
010000
000000
001000
000000
000000
010000
000000
100000
000000
010000
000000
100000
000000
010000
000000
100000
000000
010000
000000
001000
000000
000000
010000
000000
100000
000000
010000
000000
100000
000000
010000
000000
100000
000000
010000
000000
001000
000000
000000
010000
000000
100000
000000
010000
000000
100000
000000
010000
000000
100000
000000
010000
000000
001000
000000
000000
000000
000000
000000
000000
000000
000000
000000
000000
000000
000000
000000
000000
000000
000000
